0.874944 0.767507
-0.971961 -0.825993
-0.090733 -0.090609
0.187274 0.186181
0.075473 0.075402
0.681404 0.629884
-0.613358 -0.575616
0.869081 0.763736
-0.608976 -0.572028
0.432637 0.419266
-0.168105 -0.167315
-0.551188 -0.523700
0.772340 0.697813
0.615754 0.577574
0.684305 0.632135
-0.717223 -0.657294
-0.964132 -0.821554
0.699614 0.643923
-0.523148 -0.499610
-0.744205 -0.677387
-0.238160 -0.235915
-0.319965 -0.314534
-0.152470 -0.151880
-0.198723 -0.197417
-0.633958 -0.592338
-0.023037 -0.023035
0.679895 0.628711
0.870638 0.764740
0.146105 0.145585
0.935711 0.805021
0.965916 0.822570
-0.969178 -0.824421
0.564405 0.534914
0.765880 0.693172
0.394228 0.384095
-0.455930 -0.440298
0.964086 0.821528
-0.452838 -0.437519
0.350963 0.343802
-0.287721 -0.283767
-0.078385 -0.078305
0.684743 0.632474
0.378229 0.369275
0.135365 0.134952
-0.067095 -0.067045
-0.268518 -0.265303
-0.410996 -0.399523
0.594863 0.560395
-0.449107 -0.434162
0.341496 0.334897
0.983360 0.832364
0.152515 0.151924
0.099721 0.099556
0.862585 0.759526
0.482735 0.464203
0.271456 0.268134
-0.766470 -0.693597
-0.611778 -0.574324
0.357812 0.350226
-0.031317 -0.031312
0.109367 0.109150
-0.164885 -0.164139
0.958767 0.818484
0.620909 0.581775
-0.827604 -0.736312
0.119036 0.118755
0.245225 0.242774
0.891557 0.778051
-0.339896 -0.333389
-0.450564 -0.435473
-0.160618 -0.159928
0.867127 0.762473
0.196763 0.195496
0.293683 0.289479
-0.654695 -0.608917
0.888785 0.776307
0.600349 0.564930
-0.029906 -0.029902
0.695268 0.640591
0.500444 0.479815
0.350610 0.343471
0.838069 0.743353
0.779915 0.703219
0.591205 0.557362
0.494631 0.474707
-0.469329 -0.452288
-0.784322 -0.706345
-0.867701 -0.762845
0.013548 0.013548
0.249909 0.247315
0.599535 0.564259
-0.521066 -0.497805
-0.075447 -0.075375
-0.577492 -0.545925
0.569646 0.539334
-0.907315 -0.787853
0.181214 0.180223
-0.951862 -0.814497
-0.058823 -0.058789
-0.883466 -0.772943
0.457238 0.441471
-0.944871 -0.810421
-0.682076 -0.630406
-0.450272 -0.435211
0.177806 0.176870
0.667433 0.618972
0.819612 0.730881
0.890449 0.777355
-0.983084 -0.832211
0.182902 0.181884
-0.369453 -0.361105
-0.514617 -0.492201
-0.261126 -0.258168
-0.791654 -0.711517
-0.537514 -0.512002
0.226367 0.224439
-0.674036 -0.624144
-0.488591 -0.469382
-0.384706 -0.375287
0.624531 0.584717
0.195877 0.194627
-0.643836 -0.600268
-0.595200 -0.560675
-0.723150 -0.661750
-0.792917 -0.712403
0.811825 0.725544
-0.096984 -0.096832
-0.612367 -0.574806
-0.954502 -0.816026
0.616990 0.578583
-0.428329 -0.415352
-0.250176 -0.247575
-0.283272 -0.279499
-0.315562 -0.310351
0.838365 0.743551
-0.240001 -0.237703
-0.013711 -0.013711
0.955510 0.816608
-0.459154 -0.443190
-0.769678 -0.695904
-0.041563 -0.041551
0.084938 0.084836
-0.290147 -0.286093
-0.316308 -0.311060
-0.191241 -0.190078
0.519248 0.496227
0.864949 0.761062
0.249127 0.246558
0.724442 0.662718
-0.504825 -0.483655
-0.005400 -0.005400
0.288608 0.284618
0.465542 0.448907
-0.476607 -0.458767
-0.055158 -0.055130
0.541450 0.515379
0.451544 0.436355
-0.138718 -0.138273
-0.627673 -0.587263
-0.072938 -0.072873
-0.400194 -0.389597
-0.665896 -0.617764
-0.420987 -0.408662
0.290803 0.286722
0.780408 0.703569
-0.690796 -0.637151
0.982069 0.831648
-0.625688 -0.585655
-0.058180 -0.058147
-0.898617 -0.782467
-0.540521 -0.514583
-0.833648 -0.740388
0.086470 0.086362
-0.813985 -0.727029
0.300621 0.296113
-0.852522 -0.752943
0.621824 0.582518
0.212047 0.210462
0.612264 0.574722
-0.920652 -0.795997
0.465996 0.449313
0.416843 0.404875
0.293450 0.289256
-0.444483 -0.429992
-0.871857 -0.765525
-0.368332 -0.360060
-0.447704 -0.432897
0.960587 0.819528
0.480896 0.462574
-0.431055 -0.417829
0.225875 0.223959
-0.166575 -0.165806
-0.024823 -0.024820
0.914907 0.792506
0.760473 0.689264
-0.509853 -0.488049
-0.405710 -0.394671
-0.780337 -0.703519
0.792444 0.712071
-0.877114 -0.768897
-0.316628 -0.311364
0.694053 0.639658
0.200952 0.199603
0.316198 0.310955
-0.102796 -0.102615
-0.702193 -0.645893
0.985788 0.833708
-0.926473 -0.799506
0.613726 0.575917
0.798577 0.716364
-0.689055 -0.635808
-0.035932 -0.035925
0.835272 0.741479
-0.320150 -0.314709
0.877942 0.769426
0.175665 0.174763
-0.296681 -0.292348
-0.794020 -0.713177
-0.591900 -0.557939
0.993302 0.837833
-0.564527 -0.535016
0.308489 0.303619
0.718026 0.657900
0.758988 0.688188
0.023263 0.023261
0.042065 0.042052
-0.240155 -0.237854
-0.578173 -0.546495
-0.151163 -0.150588
0.324338 0.318681
0.061102 0.061064
-0.867154 -0.762491
0.198074 0.196782
-0.175606 -0.174704
0.528746 0.504451
-0.381784 -0.372577
0.208242 0.206741
0.286289 0.282394
0.369169 0.360841
0.354882 0.347480
0.606956 0.570369
-0.161859 -0.161153
0.117090 0.116822
0.183697 0.182666
0.352737 0.345467
-0.304190 -0.299520
-0.333262 -0.327128
-0.381730 -0.372527
-0.150830 -0.150259
0.806574 0.721921
-0.254401 -0.251665
0.090322 0.090200
0.612896 0.575239
0.636268 0.594198
-0.237162 -0.234945
-0.939807 -0.807444
-0.596452 -0.561710
-0.496327 -0.476199
0.110966 0.110738
-0.304783 -0.300086
0.942821 0.809219
-0.214228 -0.212593
0.916339 0.793379
-0.366413 -0.358269
-0.154844 -0.154226
0.223923 0.222056
0.230737 0.228695
0.202337 0.200959
-0.354072 -0.346720
-0.657983 -0.611522
0.449186 0.434232
0.265505 0.262397
-0.943293 -0.809496
-0.957154 -0.817556
-0.233246 -0.231137
0.672805 0.623182
0.991811 0.837018
0.562706 0.533477
-0.369382 -0.361039
-0.765110 -0.692617
-0.453223 -0.437865
0.518260 0.495369
-0.407198 -0.396038
-0.520653 -0.497447
0.305829 0.301084
-0.353779 -0.346446
-0.606189 -0.569739
-0.711501 -0.652971
0.572381 0.541635
0.376850 0.367993
0.164327 0.163588
-0.251470 -0.248828
-0.783098 -0.705479
-0.780996 -0.703987
0.944429 0.810162
-0.091095 -0.090969
-0.364255 -0.356253
-0.540165 -0.514278
0.324174 0.318526
0.034072 0.034066
-0.536460 -0.511096
-0.658989 -0.612318
0.368791 0.360488
-0.588122 -0.554799
-0.716186 -0.656512
-0.917374 -0.794008
0.070615 0.070556
-0.463282 -0.446887
-0.854052 -0.753948
0.685595 0.633134
-0.795168 -0.713981
0.090978 0.090852
-0.944429 -0.810162
-0.155620 -0.154993
-0.300303 -0.295810
-0.008216 -0.008216
-0.336948 -0.330608
0.379601 0.370550
-0.737203 -0.672220
0.886057 0.774584
-0.445753 -0.431137
0.496340 0.476210
0.344575 0.337797
0.844058 0.747346
0.930316 0.801809
0.435173 0.421567
0.089086 0.088968
0.161808 0.161103
0.089954 0.089833
-0.343049 -0.336360
0.882435 0.772288
-0.265646 -0.262532
0.348072 0.341086
-0.389307 -0.379548
-0.058067 -0.058034
0.130641 0.130269
-0.876813 -0.768705
0.291412 0.287305
-0.979840 -0.830408
-0.271390 -0.268071
0.068340 0.068287
-0.071946 -0.071884
-0.646255 -0.602201
-0.439788 -0.425747
0.893487 0.779262
-0.156693 -0.156052
-0.696196 -0.641304
0.302772 0.298168
0.352124 0.344892
-0.801478 -0.718385
0.828058 0.736619
-0.706448 -0.649136
0.516354 0.493713
-0.669621 -0.620689
0.178223 0.177281
-0.082107 -0.082015
-0.090111 -0.089989
-0.416775 -0.404814
-0.843660 -0.747081
-0.164360 -0.163621
0.544460 0.517957
0.823560 0.733570
-0.955626 -0.816675
-0.133925 -0.133525
-0.711663 -0.653094
-0.556289 -0.528038
-0.062438 -0.062397
0.110866 0.110639
0.040172 0.040162
0.305057 0.300348
-0.393933 -0.383823
-0.606804 -0.570245
-0.018399 -0.018398
-0.196786 -0.195519
0.411942 0.400389
0.246778 0.244280
-0.588637 -0.555228
-0.598484 -0.563390
-0.790279 -0.710550
0.175082 0.174188
-0.297566 -0.293194
-0.321430 -0.315923
0.091834 0.091705
0.770052 0.696173
0.793504 0.712815
-0.324439 -0.318777
0.593492 0.559259
-0.013155 -0.013155
-0.091416 -0.091289
-0.312863 -0.307784
0.488044 0.468899
-0.168878 -0.168076
-0.040842 -0.040830
0.904242 0.785957
-0.290386 -0.286323
0.330875 0.324871
0.368271 0.360003
-0.666188 -0.617994
-0.877062 -0.768864
-0.143916 -0.143419
-0.323310 -0.317707
0.437176 0.423382
0.436376 0.422658
-0.191057 -0.189897
0.905756 0.786892
-0.420574 -0.408285
-0.465526 -0.448893
0.313738 0.308617
-0.738601 -0.673254
-0.900885 -0.783876
-0.262337 -0.259339
-0.033643 -0.033637
0.402072 0.391326
-0.573572 -0.542636
-0.084777 -0.084675
-0.776526 -0.700806
-0.964180 -0.821582
0.131326 0.130948
0.995433 0.838995
0.399852 0.389282
0.427539 0.414633
0.963451 0.821166
0.193118 0.191920
0.737192 0.672211
-0.599827 -0.564500
-0.681108 -0.629654
-0.274793 -0.271347
-0.771261 -0.697040
0.508025 0.486453
0.140405 0.139944
0.180752 0.179769
0.402519 0.391737
-0.047204 -0.047186
-0.809503 -0.723944
-0.906420 -0.787301
-0.394920 -0.384734
0.362525 0.354637
-0.507549 -0.486037
0.597819 0.562841
0.760236 0.689092
-0.630406 -0.589473
0.058208 0.058175
-0.528043 -0.503844
-0.103228 -0.103044
-0.860680 -0.758286
-0.624900 -0.585016
0.159884 0.159204
0.865165 0.761202
0.652359 0.607063
-0.674396 -0.624426
0.563461 0.534115
0.028072 0.028069
-0.749163 -0.681026
-0.427836 -0.414902
-0.862245 -0.759305
0.823076 0.733241
-0.312530 -0.307467
0.793173 0.712583
-0.361744 -0.353905
0.466796 0.450027
0.874139 0.766991
0.431579 0.418306
-0.329689 -0.323749
0.206480 0.205016
-0.343120 -0.336427
0.026845 0.026842
-0.705469 -0.648391
0.958716 0.818454
0.008533 0.008533
-0.818927 -0.730413
-0.928077 -0.800469
-0.543868 -0.517450
0.274551 0.271115
0.067538 0.067487
0.117707 0.117435
-0.481951 -0.463509
-0.751945 -0.683061
0.063677 0.063633
0.410625 0.399182
-0.010497 -0.010497
-0.125199 -0.124872
-0.574058 -0.543044
-0.553465 -0.525638
-0.055846 -0.055817
-0.112272 -0.112036
0.575392 0.544164
0.830961 0.738580
0.933941 0.803970
-0.578086 -0.546422
-0.397077 -0.386724
0.277863 0.274301
0.626349 0.586191
0.139307 0.138857
-0.230668 -0.228628
-0.357850 -0.350261
-0.197932 -0.196642
-0.298412 -0.294003
-0.278705 -0.275111
0.593071 0.558911
-0.738925 -0.673494
