2.988321 0.890589 3.143809
-0.256079 0.132916 -0.229574
-2.653400 -0.768134 -2.792359
-0.396373 0.030136 -0.390347
-2.945009 0.477910 -2.853024
1.561793 -0.554879 1.456425
-1.273555 0.605036 -1.159796
1.163221 -0.826826 1.016064
-2.313484 -0.097027 -2.332859
0.071064 -0.924547 -0.088606
-0.674735 -0.565634 -0.781925
-1.751901 0.770688 -1.612575
1.824142 0.164285 1.856851
2.027290 0.717490 2.158789
2.693914 -0.757210 2.556535
-1.444903 0.670109 -1.320688
-0.210561 0.239429 -0.163131
-0.060809 -0.843631 -0.210222
1.638193 0.822599 1.784777
-2.474442 0.978021 -2.308564
2.594416 -0.862115 2.442571
1.008525 0.839437 1.157378
1.326133 -0.216026 1.283263
-2.001622 0.017797 -1.998063
1.429344 -0.651465 1.308074
1.019820 -0.826029 0.872771
0.008693 -0.805166 -0.135496
-1.797050 0.724670 -1.664472
0.005638 -0.624052 -0.111228
-2.097629 -0.239513 -2.145075
2.010297 0.341258 2.077232
-1.956678 0.454929 -1.868798
2.643146 0.796282 2.786098
-1.419564 -0.735883 -1.553813
-1.061011 0.736678 -0.926644
0.637907 -0.648385 0.517127
-3.054077 0.200517 -3.014242
2.171552 0.169172 2.205225
-0.521398 0.525598 -0.421052
2.570125 0.731267 2.703688
2.966620 -0.987202 2.799722
1.519539 0.413284 1.599862
-2.819079 0.378982 -2.745084
2.548541 -0.555700 2.443033
0.467286 0.179499 0.502994
2.015628 0.008068 2.017241
2.639730 -0.937346 2.478532
2.764842 0.948831 2.927388
-1.654684 -0.563113 -1.761448
-2.337047 -0.316236 -2.399246
-1.640896 0.275768 -1.586439
2.192488 -0.028052 2.186878
0.271942 -0.794370 0.129258
-0.185588 0.379017 -0.111586
2.293914 0.334203 2.359517
-2.245568 -0.387743 -2.321188
1.565001 0.434198 1.649137
2.427783 -0.735180 2.293639
-2.370243 0.565332 -2.263104
-2.012841 0.756627 -1.875546
0.605473 -0.063847 0.592713
-3.083710 -0.471218 -3.174505
2.035211 0.641224 2.154846
-2.538980 -0.056044 -2.550183
0.215784 -0.811481 0.070722
-0.479653 0.306130 -0.419379
-0.727884 -0.247669 -0.776913
-0.679551 -0.405343 -0.758418
0.097568 -0.673430 -0.027166
-2.456248 0.435936 -2.371797
1.910066 -0.367055 1.838292
-1.597061 -0.032869 -1.603634
-1.041774 0.857347 -0.890552
1.168457 0.193907 1.206996
0.217841 -0.804368 0.073763
-2.729418 0.040956 -2.721230
-0.005446 0.427496 0.077473
-0.502978 -0.830226 -0.650594
0.918239 -0.705364 0.788577
0.373763 -0.923823 0.214181
2.525512 0.486222 2.618970
-2.907746 -0.137611 -2.935181
-1.586372 0.597960 -1.473780
2.473620 0.981437 2.639879
-2.692989 -0.775874 -2.833057
0.530418 -0.326816 0.466212
-1.006692 -0.865149 -1.158930
1.552024 -0.721755 1.419884
-2.083166 -0.854389 -2.234000
2.266599 0.617836 2.382453
-0.845613 0.393495 -0.768929
-1.426416 -0.798733 -1.569710
2.860171 -0.326521 2.796021
0.852926 -0.487319 0.759275
2.267985 0.916511 2.426682
-0.719999 -0.630221 -0.837863
-0.180494 0.855330 -0.029536
-2.425895 0.712211 -2.295193
2.686377 0.993748 2.853992
-0.905733 0.465437 -0.815970
0.637455 -0.720784 0.505460
-1.066415 0.304365 -1.006478
-2.081264 0.133406 -2.054662
0.617826 0.688051 0.744832
-0.458530 0.723092 -0.326189
2.296979 -0.103359 2.276344
-2.009715 -0.108379 -2.031348
-3.099485 -0.551655 -3.204305
2.518932 0.983618 2.685433
3.115150 -0.912102 2.956992
1.742783 -0.239659 1.695309
1.563896 0.339086 1.630421
-1.709226 -0.421620 -1.791074
2.221863 0.871900 2.374974
-1.660026 0.993657 -1.492421
-1.838627 0.021568 -1.834314
3.025640 0.506384 3.122644
-0.808687 -0.324141 -0.872386
0.844306 0.471477 0.935147
0.026938 -0.499342 -0.068831
0.821666 -0.752990 0.684901
-0.330328 0.877456 -0.176505
2.880367 0.308881 2.941165
-0.702960 0.955695 -0.539617
-1.805664 0.897609 -1.649297
1.171578 -0.063822 1.158822
1.817050 0.382738 1.891743
0.365677 -0.082529 0.349190
2.888147 0.264558 2.940444
0.923040 0.307910 0.983653
0.564114 0.401399 0.642255
-2.663712 -0.915526 -2.822289
-1.497545 0.971837 -1.332361
-0.993644 -0.737012 -1.128060
0.692611 -0.175295 0.657731
-1.399227 -0.954430 -1.562424
-2.003504 -0.251646 -2.053304
-0.186584 0.845595 -0.036910
-1.062542 0.808941 -0.917831
-0.328145 -0.418145 -0.409359
-2.845988 -0.054347 -2.856852
-2.471828 0.261969 -2.420031
-1.753755 0.855418 -1.602786
2.071767 -0.741345 1.936711
1.869498 -0.913044 1.711224
-0.345571 -0.897218 -0.501889
0.085593 -0.121305 0.061392
-0.562997 0.995171 -0.395227
2.551199 0.348423 2.619482
2.937207 0.115313 2.960218
1.986712 0.939183 2.148128
1.073182 0.420099 1.154752
-2.872267 -0.196252 -2.911266
-0.169067 -0.992350 -0.336529
0.526553 0.600662 0.639591
2.223226 -0.990452 2.055971
-2.808219 0.221559 -2.764269
1.178678 -0.466382 1.088746
-2.121069 -0.513472 -2.219310
-0.875667 0.522388 -0.775877
0.967707 -0.297639 0.909055
-1.915352 -0.652198 -2.036739
2.581894 0.387635 2.657494
3.136763 0.052837 3.147326
-2.752163 0.789059 -2.610224
1.043786 0.482464 1.136579
-2.427929 0.651876 -2.306593
0.869157 0.079425 0.885025
-0.134631 0.248085 -0.085522
1.101997 0.290223 1.159230
-1.717354 -0.570571 -1.825377
-2.164035 -0.682131 -2.290124
-0.607942 0.274898 -0.553652
0.291747 0.916059 0.450389
-0.906979 -0.208843 -0.948445
-2.516205 -0.531371 -2.617548
-1.897676 -0.539270 -2.000378
2.854147 0.230091 2.899760
-1.824693 -0.870111 -1.977574
1.584935 -0.415137 1.504271
1.396308 0.926204 1.556177
-0.681316 -0.819828 -0.827522
-0.390489 0.019917 -0.386506
-0.195631 0.503132 -0.099197
-2.883582 -0.155538 -2.914564
1.639738 -0.511301 1.541876
0.563158 0.706351 0.692971
0.804524 -0.725162 0.671873
0.741637 -0.390555 0.665496
-0.492843 0.508516 -0.395466
2.545728 0.760424 2.683573
-2.955879 0.923616 -2.796322
2.610002 -0.835828 2.461632
-0.548022 -0.983430 -0.714503
1.823096 -0.325049 1.759225
-1.305179 0.332875 -1.239827
0.494644 0.900448 0.651365
-2.175943 0.732172 -2.042246
0.811297 0.423065 0.893409
-2.079099 -0.066252 -2.092340
0.121079 -0.007571 0.119564
-2.023254 -0.817218 -2.169103
1.766800 0.484724 1.859993
0.636988 -0.707986 0.506927
2.202200 0.180705 2.238144
-0.276952 0.067244 -0.263513
-0.451656 -0.545377 -0.555404
0.026316 -0.557398 -0.079480
-1.588811 -0.281342 -1.644340
-0.410400 -0.134263 -0.437172
-0.524885 -0.124432 -0.549708
2.896607 -0.833468 2.748553
-1.885833 -0.652009 -2.007190
0.075840 0.240447 0.123467
3.039094 -0.259240 2.987824
-1.093942 0.854691 -0.943068
2.990101 -0.589837 2.878856
2.744599 0.513567 2.842856
-0.345142 -0.174151 -0.379797
0.997001 -0.377792 0.923227
-1.845237 0.040935 -1.837052
0.373640 0.625368 0.490719
1.024769 -0.838063 0.876099
2.027155 -0.699369 1.898408
2.135236 -0.448288 2.048551
2.609415 -0.662540 2.486391
3.027679 -0.808231 2.883066
0.442597 -0.854037 0.291810
1.725681 0.254054 1.775947
-0.617262 -0.087758 -0.634791
-1.104257 0.377609 -1.030518
2.918264 0.122858 2.942774
-1.170055 -0.945220 -1.332181
-2.892651 0.181322 -2.856585
-0.607697 -0.010923 -0.609882
0.453655 0.134177 0.480410
-0.101978 -0.504910 -0.198724
-1.442963 0.800844 -1.299374
1.734577 -0.702092 1.605414
0.964722 -0.466147 0.874833
-1.731605 0.708985 -1.601392
-1.534632 0.575274 -1.425819
-0.019106 -0.030608 -0.025227
1.278281 0.749219 1.414495
-2.489507 0.722578 -2.357243
-2.903147 0.988028 -2.736158
-0.245678 -0.265139 -0.298087
1.491768 0.220184 1.535450
1.110316 -0.225773 1.065544
-1.366215 -0.534751 -1.468140
-1.716080 -0.181886 -1.752257
-0.307010 0.873437 -0.153702
-2.265971 -0.134238 -2.292739
-2.337157 -0.896748 -2.493418
1.322250 0.872584 1.475449
-2.714415 -0.659615 -2.836977
-2.967221 0.472007 -2.876286
3.073330 0.928427 3.233465
2.808987 0.831396 2.956762
-2.930118 -0.827282 -3.077337
-2.794079 0.440282 -2.708840
-3.105588 0.326655 -3.041413
0.978725 0.718743 1.110413
-2.345675 -0.627936 -2.463171
-0.304311 -0.277402 -0.359082
-1.443748 0.825053 -1.296831
-1.444307 -0.124978 -1.469238
0.432709 -0.382860 0.357994
3.061766 -0.548337 2.957513
2.474437 0.036281 2.481691
-1.586310 -0.083626 -1.603016
-3.021649 -0.836552 -3.170116
1.096731 0.192377 1.134970
-1.704878 0.534278 -1.603034
1.481565 0.863206 1.633551
0.962291 0.528511 1.063141
0.643964 0.449474 0.730862
-1.821591 -0.912330 -1.979777
-0.943995 0.979445 -0.777958
-2.093311 0.917022 -1.934552
1.302860 0.199246 1.342446
-0.283613 -0.672081 -0.408136
-1.086242 -0.058592 -1.097954
-1.930016 0.669195 -1.805945
1.156538 0.086232 1.173763
-2.652199 -0.871043 -2.805199
0.900440 0.341076 0.967341
1.866728 -0.625387 1.749646
0.251054 -0.674039 0.126225
-0.982082 -0.660134 -1.104727
-2.667029 0.979443 -2.500992
2.878466 -0.689551 2.751228
-0.654944 -0.507141 -0.752080
-2.932562 -0.517407 -3.031488
2.593205 -0.577342 2.484045
-1.818698 0.951933 -1.655791
-1.725297 -0.266721 -1.778011
1.678180 0.072168 1.692601
-3.015571 -0.791940 -3.157915
0.251338 0.071348 0.265595
2.828929 -0.560252 2.722649
2.857037 0.011303 2.859298
-2.320645 -0.848032 -2.470641
1.272449 0.876764 1.426184
1.542363 -0.181627 1.506237
0.099360 0.193949 0.137907
-1.689342 -0.655526 -1.811257
0.216558 0.874865 0.370050
-0.716656 0.938244 -0.555351
-2.438747 0.191658 -2.400650
-2.118753 -0.046253 -2.128001
-2.357888 0.914360 -2.199454
2.264166 -0.187283 2.226928
-0.771266 0.518114 -0.672218
1.945424 -0.613368 1.830299
0.984556 -0.825877 0.837527
-2.546546 -0.993992 -2.714188
1.513273 0.230346 1.558936
-2.761881 0.765069 -2.623363
-2.094847 0.426084 -2.012186
2.015251 -0.376310 1.941753
0.991464 -0.234630 0.944967
-2.498732 -0.541361 -2.601793
0.254857 0.386691 0.330283
3.103215 0.656001 3.225206
0.696468 -0.984612 0.529857
-3.047211 -0.741651 -3.182313
2.412346 0.173272 2.446827
1.634745 -0.872446 1.481564
1.850435 0.150489 1.880419
-0.271872 0.415646 -0.191115
2.072743 0.544483 2.176338
1.990353 -0.057667 1.978826
0.989177 -0.234692 0.942668
1.511844 -0.379822 1.437693
-2.327203 -0.356203 -2.396947
-0.361992 -0.730561 -0.495450
-0.976332 0.914836 -0.817840
0.874543 0.344381 0.942066
0.423088 -0.483516 0.330109
0.485058 -0.109556 0.463191
-1.546328 -0.543091 -1.649685
1.450933 -0.342845 1.383699
-2.687560 -0.452321 -2.774971
-0.507246 0.232305 -0.461201
1.267262 -0.389596 1.191299
-1.922520 0.099959 -1.902561
2.792026 -0.283363 2.736108
1.526693 -0.313230 1.465066
-0.508494 -0.302903 -0.568152
-1.703840 0.919792 -1.544745
1.719258 0.314961 1.781214
-0.845633 0.677785 -0.720219
0.680959 -0.627345 0.563560
1.344573 -0.364329 1.273308
-2.387067 -0.117930 -2.410599
-0.501122 0.914312 -0.342693
2.290397 -0.556396 2.184772
-0.312083 -0.661938 -0.435012
-3.065645 0.211280 -3.023702
0.098633 -0.729459 -0.034660
-2.303267 0.773854 -2.163487
2.265922 0.335330 2.331738
0.149146 -0.557780 0.043285
-1.307837 -0.051926 -1.318218
1.849390 -0.700189 1.720518
1.398003 0.587005 1.508777
2.120479 0.310805 2.181644
-1.529271 -0.755218 -1.666360
-1.959259 -0.764781 -2.097734
-1.956605 0.696463 -1.828304
2.065533 0.320663 2.128572
3.118744 0.311305 3.180004
-2.998063 -0.996139 -3.165939
-3.015194 -0.812009 -3.160329
-1.287793 0.750535 -1.151387
2.637951 0.031656 2.644281
-1.383984 -0.347320 -1.452060
0.391213 -0.490095 0.297071
-2.931955 -0.688585 -3.059044
1.401382 0.435424 1.485741
0.206861 -0.145239 0.177915
-1.183912 0.917858 -1.025052
-1.672526 -0.061772 -1.684873
2.566513 -0.125404 2.541498
-2.005530 -0.818287 -2.151526
0.166199 -0.387330 0.090656
2.011167 0.706764 2.141042
-3.043083 -0.596172 -3.155379
1.856375 -0.675860 1.731261
1.110152 -0.295605 1.051889
1.452910 -0.448547 1.366179
-2.594223 -0.512189 -2.692240
2.599800 0.364563 2.671108
1.965980 0.248103 2.015093
0.425554 0.013122 0.428179
-2.223619 0.101574 -2.203339
-0.598445 -0.193514 -0.636907
1.382122 0.373654 1.455126
2.434573 0.324626 2.498364
1.457422 0.617912 1.573289
-3.100598 0.358066 -3.030506
-1.131993 0.556914 -1.026279
-2.211236 -0.046588 -2.220550
-2.691811 -0.292593 -2.749498
-2.074163 0.632212 -1.955977
-0.467471 -0.836881 -0.615983
-3.115073 0.126902 -3.089760
-0.027119 -0.312836 -0.088671
2.193809 0.842218 2.343033
-0.793334 0.510693 -0.695577
1.417343 -0.625519 1.300240
1.398328 0.587134 1.509123
-2.311311 0.037288 -2.303855
1.313724 0.525230 1.414007
-2.622700 0.088571 -2.605009
-2.666668 -0.831081 -2.814400
1.409968 0.803222 1.553887
-0.768555 0.829136 -0.621085
-1.684813 -0.667326 -1.808591
2.265155 -0.928676 2.104989
0.629271 -0.620658 0.512956
0.954624 0.091926 0.972983
-1.107357 -0.775867 -1.247424
1.064350 -0.251962 1.014489
-1.444527 -0.101355 -1.464763
-1.494761 -0.589302 -1.605917
3.075878 -0.206779 3.034816
-2.894385 -0.963600 -3.058635
2.825247 0.842252 2.974476
-2.435457 0.598229 -2.322821
-3.063024 0.183810 -3.026468
-1.563588 -0.280794 -1.619012
0.923228 -0.313638 0.861524
2.854783 -0.002216 2.854340
-2.696261 0.642166 -2.576475
-2.936208 -0.242010 -2.984139
0.050781 -0.923202 -0.108726
-2.913208 -0.881447 -3.067540
2.526155 0.668796 2.650164
0.482206 -0.566491 0.374871
0.981134 -0.847070 0.831265
-1.975108 0.793656 -1.832523
-2.534207 -0.223204 -2.578478
1.242719 0.293172 1.300517
0.825204 0.720397 0.957140
1.396075 -0.038300 1.388417
-2.341390 0.526820 -2.240833
-0.037967 0.965112 0.126456
-0.183277 -0.370812 -0.255752
-1.849815 0.735541 -1.715618
0.341638 0.502578 0.437975
-0.255550 0.616474 -0.139918
-1.408381 -0.673557 -1.533135
-0.643660 0.952262 -0.480714
3.127960 -0.710475 2.997521
-1.020825 -0.088268 -1.038455
1.447825 0.376576 1.521373
2.897025 0.269176 2.950212
0.882191 0.890150 1.037625
0.500206 -0.433560 0.416185
-0.518264 -0.521227 -0.617853
2.149360 -0.257161 2.098492
1.119145 0.562822 1.225860
-0.839145 0.019079 -0.835330
0.470375 0.514328 0.568765
-0.649674 0.543356 -0.546272
1.714517 0.367664 1.786404
-0.018083 -0.901344 -0.174916
1.025207 0.253092 1.075287
-2.770076 -0.630595 -2.888001
-0.793568 -0.775412 -0.933570
-2.386742 -0.215936 -2.429594
-2.806753 -0.351995 -2.875707
1.272705 0.469159 1.363132
1.985033 0.546321 2.088942
-2.641155 -0.004183 -2.641992
2.883049 -0.486025 2.789626
-2.289251 -0.380854 -2.363594
3.048837 0.624212 3.165728
-2.258014 -0.180161 -2.293851
2.109654 0.851980 2.260172
-1.172824 0.148169 -1.143299
0.351835 0.071984 0.366220
2.818591 0.197331 2.857802
-1.965554 -0.565195 -2.072670
2.232205 -0.630400 2.114311
0.607303 -0.209033 0.565800
1.811130 -0.615059 1.695729
2.226331 0.464335 2.315897
1.320564 -0.751344 1.184040
-0.121191 0.562364 -0.014553
-1.161361 0.242665 -1.113303
-1.596415 0.504223 -1.499789
0.919288 0.597132 1.031742
-2.109900 -0.159007 -2.141568
0.488204 -0.707533 0.358212
-0.351778 0.743953 -0.216338
-2.693100 -0.864537 -2.845259
0.288647 0.126840 0.313947
0.911813 0.185677 0.948735
1.291641 0.262568 1.343553
0.347933 -0.232572 0.301837
0.485390 0.045926 0.494572
-2.428665 0.942669 -2.266839
-2.278308 0.567276 -2.170841
0.262981 0.105040 0.283950
-2.055946 -0.243189 -2.104106
2.319150 -0.845686 2.169465
1.319177 0.868509 1.471851
-0.402193 0.835198 -0.253907
2.113308 0.223881 2.157711
1.607584 0.939028 1.768981
1.826174 0.892590 1.981914
-2.716191 -0.940066 -2.877711
1.894218 -0.302028 1.834726
-0.829838 0.615854 -0.714307
2.807994 0.331088 2.873008
1.621384 0.778604 1.761841
-1.455244 -0.635028 -1.573884
0.284810 -0.659178 0.162317
1.166559 0.695703 1.294744
-1.891119 -0.342723 -1.958330
-2.464078 -0.882444 -2.618537
-2.979196 0.998998 -2.811010
-0.620745 0.211171 -0.578824
-0.738597 0.155588 -0.707604
-1.938464 0.274514 -1.884248
-2.709612 0.688954 -2.582466
2.124065 -0.394613 2.047175
2.325960 -0.499728 2.230123
-1.564233 -0.663943 -1.687478
1.499815 0.382063 1.574382
-0.783358 0.184385 -0.746690
-0.506700 -0.345926 -0.574514
-1.024906 -0.405170 -1.103741
2.977062 0.345577 3.044810
-1.267791 0.445143 -1.181674
1.463940 -0.186160 1.426922
2.741217 -0.987728 2.574262
2.790130 0.639176 2.909436
-1.397208 0.737887 -1.262663
-0.025937 -0.178907 -0.061527
0.020442 -0.008994 0.018643
-1.586752 -0.549840 -1.691262
0.389734 -0.288160 0.332896
-1.381851 0.279729 -1.326632
0.977767 -0.208361 0.936396
-1.842844 -0.126748 -1.868125
2.061645 -0.305419 2.001507
0.371475 -0.441931 0.285938
1.031808 -0.282697 0.976019
-0.993111 0.435932 -0.908660
2.108469 0.470810 2.199191
2.120448 -0.016679 2.117112
0.108892 -0.401894 0.030660
-1.295194 0.580794 -1.185457
0.863683 -0.582617 0.753641
-0.815847 -0.564146 -0.922786
1.757195 0.893800 1.913086
3.012248 -0.900055 2.855575
-2.390456 -0.002436 -2.390943
-1.418074 -0.224599 -1.462617
1.660032 0.225877 1.704824
-0.745636 0.407773 -0.666323
1.555766 -0.251464 1.506001
2.352719 -0.351129 2.283927
-2.660355 -0.019550 -2.664265
0.239401 -0.385274 0.164238
-2.571419 0.631211 -2.453395
2.239911 0.858503 2.391284
2.733162 0.288234 2.790014
-1.910122 0.613422 -1.794988
-0.990241 -0.173517 -1.024771
-0.808106 0.236925 -0.761163
-0.092785 -0.082224 -0.109211
2.029266 0.664061 2.152530
0.008699 0.693856 0.136600
-2.960209 0.088059 -2.942620
0.320046 -0.621685 0.203565
-2.781446 0.081076 -2.765249
3.017539 -0.631916 2.899400
1.655042 -0.560964 1.548642
-3.107519 -0.133497 -3.134139
1.097958 0.132132 1.124308
2.501016 0.287403 2.557708
2.128840 0.841505 2.277969
-2.630197 -0.469249 -2.720640
0.958414 -0.206992 0.917311
2.236830 0.480571 2.329287
0.757838 0.334475 0.823493
2.029573 0.967210 2.194234
-2.381518 0.338506 -2.315102
3.088494 -0.993572 2.920898
0.700481 -0.320114 0.637546
-1.338555 -0.037659 -1.346085
-1.206163 0.277849 -1.151305
-0.548379 0.860297 -0.396772
1.136856 -0.812887 0.991601
-0.667964 0.050735 -0.657821
-0.823143 -0.095909 -0.842296
2.564711 0.954308 2.727894
-2.227058 0.993015 -2.059522
0.050295 -0.946877 -0.112024
1.463518 0.579079 1.572969
-3.133216 -0.386831 -3.208667
1.493039 -0.178809 1.457467
-2.362986 0.632664 -2.244727
-2.943210 -0.926059 -3.103062
1.135075 -0.916062 0.976433
2.867934 0.093327 2.886572
0.886668 -0.743373 0.751313
2.585686 -0.242121 2.537733
2.890178 0.816086 3.035872
2.914900 0.734912 3.049004
-1.360262 -0.893272 -1.516087
-0.416225 0.805356 -0.272010
-2.907836 0.405037 -2.829025
-1.439781 -0.068284 -1.453427
-2.395405 0.144373 -2.366631
0.466913 0.598769 0.579639
0.720243 0.540522 0.823159
1.974829 -0.964508 1.810475
-1.195814 0.799639 -1.052393
1.615922 -0.047580 1.606410
-1.588205 0.089669 -1.570295
0.102905 -0.319381 0.040109
-0.133852 0.043432 -0.125169
-0.081942 -0.411194 -0.161882
1.541838 -0.085393 1.524780
-1.037733 -0.503697 -1.134266
2.435685 -0.255149 2.385207
-0.126711 -0.922574 -0.286143
-2.950617 -0.171090 -2.984668
2.260068 -0.183175 2.223638
1.004365 -0.259874 0.952974
1.802036 -0.853071 1.651375
1.681968 -0.181485 1.645870
2.312815 -0.452098 2.225444
-2.607272 -0.757942 -2.744757
-2.336558 0.458490 -2.248039
1.827840 -0.668264 1.703915
2.103928 0.390951 2.180141
1.365515 0.101079 1.385697
-3.091322 0.020288 -3.087264
2.437262 -0.824901 2.290365
-2.274338 -0.321351 -2.337508
-3.065486 0.745054 -2.929884
-1.163467 -0.384921 -1.238564
-2.414133 -0.730518 -2.547584
2.693481 -0.026943 2.688093
2.729376 0.800790 2.872957
-2.424404 -0.906432 -2.581866
-0.757150 -0.314791 -0.819074
1.463135 -0.456728 1.374932
0.603215 -0.014051 0.600405
-2.318345 -0.478768 -2.410483
-3.032328 0.520751 -2.932822
1.818477 -0.280156 1.763176
-1.915577 -0.172248 -1.949857
1.919998 -0.879158 1.765958
-0.008005 0.234068 0.038383
-2.687840 -0.146256 -2.716988
1.368999 0.696863 1.497362
1.603014 0.402628 1.681382
0.724475 0.204302 0.765052
-1.515557 0.837998 -1.366896
0.567658 0.395784 0.644764
-0.520381 0.237477 -0.473331
1.188146 -0.325917 1.124110
2.481264 0.800909 2.624862
-1.633668 0.283415 -1.577740
-1.150016 0.538242 -1.047491
-1.983920 0.355763 -1.914259
0.704465 -0.859765 0.552928
0.890230 -0.277045 0.835527
1.688784 0.089925 1.706744
1.778774 0.072667 1.793294
1.181957 -0.957069 1.018456
-2.318425 0.281161 -2.262931
2.851076 0.834819 2.999311
-0.015648 0.220450 0.028086
-0.398700 0.877905 -0.244820
0.922452 0.116643 0.945728
2.241526 -0.523234 2.141589
0.336374 -0.547581 0.232249
0.209699 -0.323887 0.146048
-0.877530 -0.706384 -1.007347
1.326312 -0.509934 1.228688
-2.418420 0.457909 -2.330005
0.504787 -0.329193 0.440131
-0.476321 -0.563306 -0.583118
1.644723 -0.484251 1.551614
2.051111 0.250676 2.100723
-0.266957 -0.984235 -0.433527
2.422588 0.319866 2.485476
-0.177311 -0.181685 -0.213449
0.578126 -0.253168 0.528031
-2.887753 0.025715 -2.882611
-2.485076 0.977217 -2.319287
0.159666 -0.285420 0.103354
-1.190208 0.360580 -1.119645
0.840478 -0.938915 0.679094
3.097908 0.545317 3.201646
-0.228178 -0.752955 -0.364937
1.882034 0.004286 1.882891
2.433959 0.736903 2.568359
1.541644 -0.430059 1.458259
1.767628 0.451226 1.854842
2.031057 0.008891 2.032836
-2.624045 0.308904 -2.563242
2.198484 0.664201 2.321770
0.384391 -0.748640 0.248263
2.974229 -0.283854 2.918218
1.037214 0.597643 1.149753
-1.906091 -0.494800 -2.001062
-0.151444 -0.010778 -0.153600
-3.082149 0.521244 -2.982557
1.959634 0.158396 1.991181
1.047192 -0.231394 1.001325
-3.123823 -0.026418 -3.129106
0.864520 -0.752353 0.727848
-2.606201 0.889958 -2.450792
-0.450859 0.188384 -0.413404
-1.588999 0.620613 -1.472692
-2.244544 -0.260142 -2.295987
1.233601 0.110298 1.255616
-1.559072 -0.586850 -1.669820
1.413041 -0.735722 1.278817
2.380777 0.907733 2.538400
0.515719 -0.602183 0.402430
-2.115950 0.019324 -2.112086
0.761884 0.035643 0.769011
2.354807 0.969134 2.519687
2.805363 -0.815967 2.659686
2.584237 0.664888 2.707631
2.769472 -0.288457 2.712577
-1.702558 0.745785 -1.566848
1.209965 -0.596918 1.097546
0.546029 0.809355 0.690798
-1.083805 0.361103 -1.013144
-0.086519 0.180978 -0.050520
2.377417 0.559045 2.483493
-2.190464 0.131399 -2.164260
1.576282 -0.395772 1.499177
-0.691130 0.384940 -0.616029
2.856115 -0.434894 2.771852
0.468302 0.018150 0.471932
2.333695 0.705999 2.463454
-0.375059 -0.372816 -0.447907
-0.692841 0.183309 -0.656384
-1.207016 -0.189004 -1.244592
0.676508 0.777449 0.816800
-2.979434 -0.902089 -3.136358
-1.891815 -0.658328 -2.014174
1.039078 0.217757 1.082286
-2.484556 -0.380178 -2.558773
1.790365 -0.779672 1.649756
2.771567 -0.954591 2.608352
-0.786182 0.874316 -0.632761
-0.353435 0.701184 -0.224410
-3.014746 -0.935670 -3.175746
-0.118115 -0.323078 -0.181613
1.936324 -0.632392 1.818109
0.194680 0.237000 0.241637
2.501640 0.965963 2.666159
0.372189 0.716986 0.503612
3.047175 0.223042 3.091415
2.263429 -0.602563 2.150078
-2.380666 0.541141 -2.277644
1.772708 -0.261857 1.720934
-2.526799 -0.041148 -2.535026
2.897456 0.587978 3.008392
3.130909 -0.266173 3.078300
0.845877 0.796238 0.988823
0.213227 0.321098 0.276348
-0.960456 -0.431149 -1.044039
-0.599649 -0.391918 -0.676042
-1.355155 0.901393 -1.198317
-2.655978 0.575476 -2.547131
0.289006 0.713305 0.419874
1.495283 -0.801628 1.351586
1.940138 -0.008052 1.938528
-0.677512 0.020295 -0.673454
0.261055 -0.113550 0.238393
-0.368452 0.169112 -0.334790
-0.356797 0.357182 -0.286870
0.848165 -0.883911 0.693520
-1.481222 0.982374 -1.314858
2.643858 -0.895961 2.487696
1.567446 0.477261 1.659316
1.360932 -0.653624 1.239318
-2.136892 0.153723 -2.106268
-0.638568 0.140034 -0.610653
0.643733 0.117798 0.667238
-1.664820 0.636481 -1.545947
3.136744 -0.427768 3.053776
-3.008285 0.812794 -2.863043
0.437582 0.486765 0.531136
1.189765 -0.383829 1.114870
0.865280 -0.537947 0.762805
2.633878 -0.868055 2.481263
0.990467 -0.259991 0.939053
1.557740 -0.492162 1.463234
2.020303 -0.259141 1.969053
1.867320 0.054821 1.878279
-1.311536 0.288111 -1.254707
-1.323802 0.755183 -1.186717
1.741825 -0.937882 1.580564
1.165468 -0.573585 1.056939
0.517226 -0.989349 0.350092
0.265935 -0.305335 0.205813
2.493957 -0.318986 2.431236
1.769574 0.320300 1.832544
-1.621931 0.348627 -1.553610
-2.222825 -0.213712 -2.265242
1.787203 -0.806697 1.642802
1.554560 -0.429273 1.471318
1.719814 -0.804318 1.575743
-2.917345 0.981526 -2.751076
1.731414 -0.822666 1.584821
-0.797285 -0.472062 -0.888230
1.625510 -0.924039 1.465902
-3.040659 0.368827 -2.968555
-1.684798 -0.262978 -1.736790
1.381030 0.626974 1.498369
-0.691911 -0.059947 -0.703893
-0.716195 -0.819876 -0.862407
-0.041798 -0.223028 -0.086034
-0.952226 0.030929 -0.946041
-2.108272 0.214111 -2.065776
1.318083 -0.263527 1.265985
1.170017 0.693107 1.297803
3.021371 -0.634276 2.902852
2.083838 0.317553 2.146287
2.241873 0.657226 2.364058
1.917507 -0.839351 1.768665
1.192891 -0.984579 1.026284
-0.486279 -0.535067 -0.588259
2.619278 0.755265 2.756374
2.168548 -0.689111 2.041378
1.589760 0.142628 1.618189
1.085787 -0.691538 0.958242
1.674429 -0.609788 1.559890
-2.579682 -0.586277 -2.690334
-0.369597 0.203311 -0.329214
1.848383 -0.285585 1.792039
-2.837934 -0.717393 -2.969419
-2.578306 -0.462319 -2.667511
-1.374804 0.770006 -1.235576
2.276838 0.441950 2.362379
2.249984 -0.621599 2.133517
-0.266474 -0.496019 -0.361660
2.426725 0.429004 2.509918
-0.445046 0.010292 -0.442987
0.223670 0.617020 0.339391
2.864756 -0.931664 2.704233
1.857111 0.876614 2.010827
2.833852 0.630431 2.951750
3.094211 0.070064 3.108213
0.982954 -0.135403 0.955956
-0.979892 0.877380 -0.826078
0.969916 -0.180956 0.933922
0.741756 0.953242 0.904815
2.892052 0.526544 2.992562
1.834986 -0.984480 1.668389
2.040857 -0.291353 1.983407
2.793528 -0.710919 2.663022
-0.402298 -0.434261 -0.486446
2.240831 0.030526 2.246935
-0.078658 0.474216 0.012671
-2.080932 -0.196224 -2.119926
0.367968 -0.155266 0.337040
-0.118369 0.064536 -0.105470
3.008290 -0.271888 2.954580
-0.022312 0.758197 0.115211
-0.168064 0.751134 -0.031571
0.347150 -0.605127 0.233377
1.698818 0.799096 1.842163
3.065526 -0.873806 2.912170
2.985401 0.585547 3.095933
2.140913 0.436623 2.225490
-0.735775 -0.387637 -0.811376
0.516533 -0.473935 0.425255
2.256590 0.828617 2.403989
-0.439516 0.849216 -0.289363
0.937559 0.883997 1.092215
-1.376838 0.301052 -1.317533
-2.116837 0.973508 -1.951464
2.598209 -0.891146 2.442650
-0.007695 0.056264 0.003551
1.237906 0.091776 1.256235
2.082990 0.504137 2.179600
-1.278404 0.167595 -1.245042
-0.095470 -0.010493 -0.097569
1.981819 0.670392 2.106077
0.834622 -0.230581 0.788914
-2.643767 0.084813 -2.626824
-0.153715 0.549455 -0.049271
-2.397371 0.362807 -2.326391
-3.022527 -0.778503 -3.162970
2.052456 -0.301558 1.993055
0.678390 0.106439 0.699638
-3.059067 -0.009898 -3.061046
1.376983 0.588879 1.488069
0.837434 0.656644 0.959526
3.085789 0.004602 3.086709
2.027909 -0.985576 1.861191
-1.764534 -0.205168 -1.805280
0.403557 -0.803865 0.259549
-1.596862 0.269281 -1.543654
-2.929263 -0.921578 -3.088574
-2.449336 0.267184 -2.396533
-2.470353 -0.115019 -2.493306
-2.713367 0.050407 -2.703290
2.683828 0.066231 2.697064
-2.527815 -0.419898 -2.609349
-2.501199 0.280205 -2.445888
-0.097224 0.792533 0.045203
-2.782484 0.906619 -2.624999
-0.331865 0.675238 -0.206848
-1.988639 -0.300610 -2.047859
0.550087 0.706626 0.679941
-1.598302 -0.880992 -1.752577
2.748183 0.363410 2.819276
-0.958648 -0.161167 -0.990742
-2.603327 -0.622476 -2.719937
2.149842 -0.445674 2.063629
1.751941 0.874742 1.905417
-1.945710 -0.304270 -2.005629
0.940919 -0.955022 0.777654
-1.134650 -0.931506 -1.295154
-1.221910 0.956678 -1.058454
1.887060 0.221983 1.931093
-0.211896 0.497077 -0.116524
-1.351821 -0.856538 -1.502937
-2.825634 -0.018037 -2.829242
1.976118 -0.584354 1.865786
-0.255562 0.560214 -0.149288
1.562876 0.235664 1.609574
2.509671 0.077973 2.525249
-0.597252 0.532315 -0.495746
-2.720587 0.550255 -2.616006
1.963981 0.243091 2.012121
0.731566 -0.446653 0.645176
0.043596 -0.574892 -0.065152
2.058787 0.940119 2.220313
-1.511343 0.080499 -1.495261
-0.634881 -0.033426 -0.641565
-2.059924 -0.954700 -2.223152
-3.113768 -0.346173 -3.181629
-0.159602 0.607373 -0.045459
-0.800957 -0.277424 -0.855733
-1.827434 -0.238547 -1.874693
-2.277144 0.647779 -2.156460
-2.984970 0.162241 -2.952664
2.983853 -0.203874 2.943360
0.999503 -0.831344 0.851736
0.516693 -0.370432 0.444290
1.999802 0.054582 2.010713
2.849996 -0.668610 2.726017
1.462331 -0.168467 1.428797
1.688016 0.976832 1.853762
1.044945 0.462201 1.134129
-2.353279 -0.453499 -2.440901
2.796603 -0.444512 2.710599
-1.209302 0.119842 -1.185391
1.423581 0.421209 1.505354
0.878561 0.066001 0.891751
-1.634371 0.029694 -1.628433
-2.221158 -0.516444 -2.319917
1.106277 -0.226859 1.061293
1.483850 0.591682 1.595402
-0.171464 -0.302043 -0.230958
2.808573 0.434359 2.892739
2.619236 0.518638 2.718375
0.535602 0.546207 0.639492
2.699666 -0.714045 2.568687
-3.072626 0.837967 -2.923969
-1.329236 -0.591118 -1.440694
2.563415 0.224670 2.607972
0.597522 0.266072 0.650111
-1.982824 -0.394831 -2.059754
1.458184 0.418797 1.539516
0.245799 0.182514 0.282100
-3.011509 0.920971 -2.852271
-0.127754 -0.673695 -0.252529
-1.514346 0.099795 -1.494421
2.077265 0.356375 2.147040
-1.496869 0.230034 -1.451267
1.336968 0.500364 1.432918
-3.044207 0.816561 -2.898448
-1.151818 0.794516 -1.009113
0.707821 -0.214591 0.665231
-2.385533 -0.399487 -2.463322
2.983959 -0.652817 2.862474
-2.075732 -0.064153 -2.088554
2.402105 0.701142 2.531123
-0.924327 0.479862 -0.831995
-2.836576 -0.197681 -2.875855
